NAME	= KWElevation
DESCRIPTION	= 
UNIT	= 
DATAFORMAT	= SHORTINT
DATAFILE_OFFSET	= 0
BYTEORDER_BIG	= FALSE
TOPTOBOTTOM	= FALSE
POSITION_XMIN	= -80.6186111111110790
POSITION_YMIN	= 43.3530555555555850
CELLCOUNT_X	= 843
CELLCOUNT_Y	= 638
CELLSIZE	= 0.0002777777777778
Z_FACTOR	= 1.000000
Z_OFFSET	= 0.000000
NODATA_VALUE	= -32768.000000;-32768.000000
