NAME	= upslope
DESCRIPTION	= 
UNIT	= 
DATAFORMAT	= FLOAT
DATAFILE_OFFSET	= 0
BYTEORDER_BIG	= FALSE
TOPTOBOTTOM	= FALSE
POSITION_XMIN	= -159318.1254354613192845
POSITION_YMIN	= 32031.8287364848802099
CELLCOUNT_X	= 1204
CELLCOUNT_Y	= 1200
CELLSIZE	= 92.3219925332300733
Z_FACTOR	= 1.000000
Z_OFFSET	= 0.000000
NODATA_VALUE	= 0.000000;0.000000
